1 0.81877444589309 0.4634941329856584 0.37027379400260757 0.23076923076923078
0 0.9863102998696219 0.3852672750977836 0.005 0.005
3 0.6375488917861799 0.5097783572359843 0.005 0.005
2 0.6675358539765319 0.5749674054758801 0.005 0.005
1 0.28683181225554105 0.818122555410691 0.10691003911342895 0.0560625814863103
0 0.333116036505867 0.8083441981747066 0.005 0.005
3 0.23728813559322035 0.8148631029986962 0.005 0.005
2 0.2438070404172099 0.8422425032594524 0.005 0.005
1 0.16101694915254236 0.8468057366362451 0.035202086049543675 0.02216427640156454
0 0.14797913950456323 0.8494132985658409 0.005 0.005
3 0.17209908735332463 0.8396349413298566 0.005 0.005
2 0.17470664928292046 0.8500651890482399 0.005 0.005
